image chibi1
animation chibi1_left
6 32 19 32 100
38 32 19 32 100
70 32 19 32 100
animation chibi1_right
7 64 19 32 100
39 64 19 32 100
71 64 19 32 100
animation chibi1_top
4 96 25 32 100
36 96 25 32 100
68 96 25 32 100
animation chibi1_bottom
4 0 25 32 100
36 0 25 32 100
68 0 25 32 100
image chibi2
animation chibi2_left
2 32 30 32 100
34 32 30 32 100
66 32 30 32 100
animation chibi2_right
0 64 30 32 100
32 64 30 32 100
64 64 30 32 100
animation chibi2_top
1 96 31 32 100
33 96 31 32 100
65 96 31 32 100
animation chibi2_bottom
1 0 31 32 100
33 0 31 32 100
65 0 31 32 100
image explosion
animation explosion
2 2 59 61 100
66 2 59 61 100
129 2 61 100
193 2 61 100
257 2 61 100
2 67 59 61 100
66 67 59 61 100
129 67 61 100
193 67 61 100
257 67 61 100
2 131 59 61 100
66 131 59 61 100
129 131 61 100
193 131 61 100
257 131 61 100
2 194 59 61 100
66 194 59 61 100
129 194 61 100
193 194 61 100
257 194 61 100